elasticModulus
206000
nodes
400
204.391 128.912 161.501
202.794 135.450 146.411
203.602 120.228 137.738
204.975 116.171 153.787
199.380 144.283 163.052
196.997 151.575 148.981
196.370 149.166 134.535
199.181 134.642 129.186
200.066 114.836 171.998
197.684 132.975 175.190
202.485 106.587 126.139
204.044 103.004 142.689
198.958 121.824 121.059
201.867 100.727 159.968
202.402 90.607 130.597
199.634 95.313 113.200
198.033 111.853 109.018
201.300 87.555 148.789
196.994 76.279 136.134
196.115 79.713 118.410
191.306 159.826 161.747
189.788 151.626 176.016
194.805 97.613 173.858
191.812 124.109 187.258
192.178 108.688 186.700
194.096 84.161 163.994
194.233 100.557 97.006
192.012 84.192 101.738
192.002 73.211 152.063
188.905 165.311 143.632
193.835 145.355 118.027
190.055 160.629 127.104
194.511 130.903 108.156
188.423 140.585 187.718
191.883 118.186 95.105
188.220 66.596 124.760
186.293 64.297 141.124
188.530 147.424 102.721
185.430 160.594 113.153
187.946 134.562 92.411
186.299 105.647 82.871
186.029 88.728 86.313
185.562 94.484 185.445
183.808 80.914 176.257
182.410 69.421 163.944
185.376 69.788 108.416
184.264 173.267 158.316
180.869 168.273 173.958
181.537 130.478 200.099
181.855 114.442 198.921
184.123 122.103 80.517
177.838 99.071 197.318
180.335 74.467 92.807
174.374 59.259 150.182
179.634 180.872 143.944
181.829 173.129 129.214
180.300 157.250 188.967
180.470 151.243 88.709
178.801 163.678 99.500
178.279 146.144 199.623
179.540 138.476 78.386
174.818 59.032 116.361
175.470 56.657 132.281
176.637 175.222 113.599
177.227 110.619 68.654
177.804 93.879 72.283
174.047 83.443 189.482
173.657 78.413 78.164
171.577 62.680 100.217
173.411 183.981 159.184
175.199 126.636 66.679
170.460 69.102 179.332
168.531 60.205 165.738
172.479 186.303 128.895
165.824 191.232 144.741
171.732 170.013 188.523
167.474 180.308 173.969
167.605 156.399 204.121
169.043 165.962 86.020
170.173 153.773 75.404
170.476 142.303 65.531
170.619 138.970 211.933
172.291 121.743 211.775
170.097 105.093 210.219
165.696 64.954 85.779
167.698 177.154 99.010
165.156 187.367 113.997
168.660 117.590 53.859
169.604 100.755 57.738
165.343 89.132 203.050
167.158 84.164 62.962
157.784 190.131 159.772
165.669 133.439 54.022
161.493 74.910 193.331
161.942 51.090 139.338
158.313 52.113 155.128
161.593 53.146 107.179
161.209 50.857 122.676
158.221 194.535 130.426
160.788 169.298 200.976
157.840 177.962 187.682
159.428 152.185 59.276
160.139 129.190 220.581
157.829 147.725 215.924
158.470 112.444 218.694
154.013 62.729 183.845
155.098 55.398 171.383
154.459 53.164 93.331
156.289 177.072 85.242
154.287 186.742 100.453
157.588 164.645 72.319
150.239 161.336 211.342
162.413 107.610 42.812
160.019 125.954 39.270
155.752 96.394 214.061
160.739 89.838 48.330
148.664 196.176 146.469
150.408 194.666 115.894
150.277 186.592 173.012
157.295 141.803 45.165
151.253 81.688 207.725
160.810 70.193 69.881
154.913 74.196 54.820
152.097 59.670 78.557
155.332 113.150 28.210
155.505 95.428 33.353
147.707 47.064 130.322
144.734 46.606 146.208
145.776 174.618 200.538
146.800 163.344 58.919
147.100 154.098 45.144
147.088 138.064 221.469
144.366 121.705 221.776
148.308 143.444 31.996
149.927 129.169 25.821
149.866 79.989 38.928
147.614 70.568 197.141
148.277 46.273 110.053
141.840 198.328 131.827
139.291 193.628 160.830
142.966 182.512 185.963
142.452 184.847 88.223
143.471 174.809 72.692
138.010 150.811 217.762
141.741 105.426 219.455
141.193 49.359 162.409
138.963 192.567 103.427
146.730 100.221 22.571
140.479 114.061 22.033
138.520 89.531 215.501
143.046 86.147 25.017
144.551 63.566 65.339
141.103 69.978 48.393
138.393 55.037 178.012
135.591 63.667 191.361
141.080 50.688 80.224
139.939 49.125 95.756
134.208 196.505 118.343
131.178 187.503 175.631
135.522 168.546 209.854
135.189 75.398 205.563
130.233 197.642 145.460
134.444 155.976 31.243
135.668 143.457 23.139
134.633 128.260 22.257
133.703 75.407 33.968
137.679 45.171 119.617
129.843 45.724 135.571
128.256 49.922 103.882
130.621 179.038 193.914
133.526 170.476 59.425
133.097 162.825 45.566
131.597 133.364 220.623
128.905 99.633 21.776
130.168 63.830 57.691
130.443 52.355 69.337
127.437 47.546 152.256
123.093 196.333 130.658
129.477 183.235 78.847
126.518 189.712 93.009
123.638 177.722 66.456
127.903 115.791 221.692
125.530 99.199 218.478
127.587 82.766 22.292
121.674 193.172 159.053
121.474 195.755 109.714
123.265 116.359 22.277
122.905 68.490 43.483
126.106 49.941 85.627
124.310 51.234 168.872
124.630 158.778 214.463
119.674 144.303 217.699
122.505 84.599 208.844
121.343 59.072 183.993
124.103 47.412 119.336
118.744 170.367 50.640
120.639 170.129 203.599
118.418 163.091 35.606
119.868 151.893 24.110
119.887 134.779 22.726
120.782 70.006 198.087
116.121 72.589 26.854
110.348 193.004 144.085
117.435 177.792 187.210
115.384 185.389 172.960
115.986 127.943 219.192
118.958 53.643 56.109
114.024 50.400 72.111
113.062 185.631 76.133
112.943 110.674 216.866
112.883 89.593 21.990
110.813 105.663 22.444
111.707 48.967 108.638
112.557 49.936 93.168
112.982 48.154 143.346
109.995 50.308 159.785
112.189 47.621 127.082
113.056 193.144 93.141
110.806 156.975 208.192
110.146 94.647 210.335
106.953 56.465 175.357
109.338 192.750 124.867
107.757 191.543 108.974
105.110 186.776 160.816
108.631 175.487 61.966
107.580 123.506 22.951
106.984 79.257 201.937
111.255 58.830 42.494
106.099 66.046 190.132
106.156 167.180 194.116
102.986 165.871 44.636
104.644 142.094 23.598
103.439 157.574 28.431
105.158 140.444 209.899
104.410 53.206 56.387
102.502 176.425 179.477
102.782 124.177 211.949
101.942 65.326 29.128
100.141 79.650 22.370
102.514 186.273 83.523
100.746 182.462 98.846
96.410 182.687 69.370
98.801 106.566 209.467
95.072 96.360 22.745
101.369 51.044 83.024
94.771 52.567 68.679
98.332 51.351 133.984
96.344 53.437 149.942
96.571 185.657 133.989
94.186 182.484 149.974
98.357 153.417 199.797
94.744 112.110 23.124
94.891 91.104 203.463
95.981 57.889 41.298
93.289 57.394 165.682
98.395 50.646 116.022
94.766 51.020 98.830
95.956 184.677 116.986
95.696 176.853 54.658
92.317 130.535 23.618
92.419 77.300 193.403
92.011 65.595 180.496
92.222 176.361 167.249
90.945 164.536 184.576
87.889 147.903 24.566
89.715 136.743 203.788
86.735 55.274 53.662
90.069 178.083 87.144
87.577 172.993 43.401
87.640 161.240 32.950
89.766 119.788 206.528
87.332 69.694 25.467
84.855 52.183 82.612
85.633 177.641 104.661
85.620 151.022 194.265
83.909 105.319 201.944
82.307 86.131 23.057
84.917 53.177 124.837
81.686 55.407 139.651
81.425 53.692 110.045
82.676 177.478 121.923
82.128 175.756 138.211
83.561 174.933 59.434
80.612 172.619 75.224
81.120 61.274 37.199
79.665 59.750 155.025
80.848 172.461 154.719
80.698 117.533 23.730
75.935 102.224 23.549
80.527 90.622 194.774
78.776 67.596 169.617
77.183 54.151 66.940
75.801 53.929 95.028
75.662 171.261 92.364
79.928 165.158 171.019
76.085 152.993 182.193
75.561 138.523 193.451
77.657 123.024 198.986
75.791 132.620 24.257
78.725 77.893 183.573
76.228 167.093 47.347
72.130 157.987 35.683
71.222 146.844 26.366
71.525 74.185 26.424
70.544 58.329 51.521
72.508 169.047 109.881
71.946 106.993 192.537
69.439 58.597 124.865
67.192 55.593 79.234
70.424 166.650 126.763
69.293 163.765 142.587
69.647 165.208 63.623
64.014 89.251 24.303
65.945 65.682 37.773
66.517 61.629 142.633
65.185 58.984 107.667
69.657 161.160 157.743
65.080 164.436 80.136
66.463 152.054 168.868
64.577 117.756 24.377
68.780 92.559 182.917
67.110 80.232 170.690
65.294 69.549 157.431
61.815 162.430 98.084
61.701 157.817 50.380
64.911 139.471 180.489
67.111 123.600 187.767
58.633 133.947 26.131
55.682 104.026 24.732
58.940 58.934 91.859
59.800 59.497 64.302
59.202 159.080 115.757
57.377 155.219 132.929
54.432 156.634 67.108
57.290 150.693 150.152
57.845 148.146 35.355
62.245 108.614 179.683
55.404 76.665 32.223
55.411 65.918 131.773
53.797 65.270 117.055
54.872 66.498 48.574
58.245 125.048 175.047
58.901 95.293 168.896
55.253 83.685 157.340
50.105 63.556 77.969
51.789 155.495 86.100
56.781 140.426 164.436
47.683 120.021 27.737
46.824 90.361 29.652
52.621 73.233 144.733
48.951 66.708 100.283
49.307 151.626 103.801
48.904 147.815 48.725
52.774 110.706 165.906
47.621 146.355 120.257
45.761 135.286 36.185
49.863 126.269 162.142
48.232 99.307 154.728
45.945 69.621 61.449
45.983 142.373 136.400
46.451 135.989 150.490
39.428 105.662 31.887
45.428 88.307 142.369
43.556 78.026 43.987
45.372 79.046 128.290
42.088 146.679 76.991
42.643 145.384 61.986
43.789 116.840 151.986
44.547 76.177 112.974
39.850 143.252 93.539
38.504 137.046 108.604
41.249 72.795 87.586
38.517 78.286 72.936
37.020 131.909 124.294
37.741 133.855 50.828
38.611 125.537 139.210
36.265 120.937 40.420
40.635 106.432 140.811
34.404 91.726 41.505
37.827 82.413 99.644
38.831 96.286 128.464
37.957 89.940 114.766
34.359 81.632 56.754
33.043 133.941 82.678
33.516 132.547 67.503
37.070 114.067 126.227
29.974 87.020 86.298
31.685 126.088 95.933
34.328 120.278 111.281
29.957 120.154 58.123
28.914 107.677 46.502
32.780 103.654 113.330
25.726 93.369 103.032
27.061 90.660 70.550
29.514 118.583 78.530
29.007 109.539 96.708
26.466 94.954 54.710
25.867 107.167 65.307
25.494 103.178 80.779
20.375 96.635 91.708
units
1194
0 1 0.769
2 1 0.766
3 1 0.755
4 1 0.775
5 1 0.757
6 1 0.760
7 1 0.780
3 0 0.765
4 0 0.756
8 0 0.757
9 0 0.774
3 2 0.773
10 2 0.767
11 2 0.755
7 2 0.757
12 2 0.770
11 3 0.769
8 3 0.775
13 3 0.755
11 10 0.770
14 10 0.755
15 10 0.769
12 10 0.755
16 10 0.770
14 11 0.768
13 11 0.769
17 11 0.755
15 14 0.770
17 14 0.767
18 14 0.755
19 14 0.768
5 4 0.766
9 4 0.766
20 4 0.755
21 4 0.775
13 8 0.774
9 8 0.761
22 8 0.756
23 8 0.783
24 8 0.764
17 13 0.770
22 13 0.766
25 13 0.756
16 15 0.755
26 15 0.773
19 15 0.755
27 15 0.769
18 17 0.768
25 17 0.765
28 17 0.755
6 5 0.773
20 5 0.766
29 5 0.757
7 6 0.761
30 6 0.776
29 6 0.759
31 6 0.758
12 7 0.761
30 7 0.759
32 7 0.781
23 9 0.764
21 9 0.756
33 9 0.782
16 12 0.769
32 12 0.764
32 16 0.756
26 16 0.772
34 16 0.774
19 18 0.768
28 18 0.764
35 18 0.766
36 18 0.755
32 30 0.767
31 30 0.761
37 30 0.779
38 30 0.756
34 32 0.777
37 32 0.756
39 32 0.782
34 26 0.755
27 26 0.755
40 26 0.778
41 26 0.772
25 22 0.771
24 22 0.774
42 22 0.760
43 22 0.756
28 25 0.770
43 25 0.763
44 25 0.756
27 19 0.772
35 19 0.755
45 19 0.767
29 20 0.777
21 20 0.776
46 20 0.756
47 20 0.769
24 23 0.761
33 23 0.759
48 23 0.787
49 23 0.759
39 34 0.755
40 34 0.774
50 34 0.779
42 24 0.759
49 24 0.778
51 24 0.756
41 27 0.777
45 27 0.755
52 27 0.769
36 28 0.766
44 28 0.762
53 28 0.757
31 29 0.773
46 29 0.769
54 29 0.755
55 29 0.771
38 31 0.772
55 31 0.755
33 21 0.771
47 21 0.755
56 21 0.784
39 37 0.771
38 37 0.767
57 37 0.779
58 37 0.756
56 33 0.756
48 33 0.767
59 33 0.785
50 39 0.775
57 39 0.756
60 39 0.779
45 35 0.770
36 35 0.765
61 35 0.764
62 35 0.755
55 38 0.768
63 38 0.755
58 38 0.777
41 40 0.755
50 40 0.755
64 40 0.781
65 40 0.776
43 42 0.767
51 42 0.767
66 42 0.755
52 41 0.756
65 41 0.782
67 41 0.771
52 45 0.775
61 45 0.755
68 45 0.766
53 36 0.757
62 36 0.761
54 46 0.770
47 46 0.783
69 46 0.755
60 50 0.755
64 50 0.778
70 50 0.779
44 43 0.771
66 43 0.764
71 43 0.756
53 44 0.772
71 44 0.762
72 44 0.756
55 54 0.771
69 54 0.772
73 54 0.774
74 54 0.755
63 55 0.776
73 55 0.755
56 47 0.788
69 47 0.772
75 47 0.785
76 47 0.755
59 56 0.773
75 56 0.755
77 56 0.805
60 57 0.771
58 57 0.771
78 57 0.756
79 57 0.781
70 60 0.775
80 60 0.774
79 60 0.756
49 48 0.767
59 48 0.758
81 48 0.809
82 48 0.759
51 49 0.767
82 49 0.785
83 49 0.755
67 52 0.782
68 52 0.756
84 52 0.767
58 63 0.770
73 63 0.769
85 63 0.778
86 63 0.755
85 58 0.756
78 58 0.780
81 59 0.792
77 59 0.767
65 64 0.755
70 64 0.755
87 64 0.781
88 64 0.783
66 51 0.768
83 51 0.772
89 51 0.755
67 65 0.756
88 65 0.786
90 65 0.778
74 69 0.775
76 69 0.778
91 69 0.755
80 70 0.755
87 70 0.784
92 70 0.774
71 66 0.771
89 66 0.766
93 66 0.755
90 67 0.789
84 67 0.757
62 53 0.772
72 53 0.765
94 53 0.767
95 53 0.755
62 61 0.770
68 61 0.772
96 61 0.763
97 61 0.755
94 62 0.755
97 62 0.765
74 73 0.770
86 73 0.777
98 73 0.756
77 75 0.808
76 75 0.785
99 75 0.769
100 75 0.757
79 80 0.766
92 80 0.780
101 80 0.762
82 81 0.784
77 81 0.757
102 81 0.753
103 81 0.905
83 82 0.779
102 82 0.794
104 82 0.756
72 71 0.771
93 71 0.767
105 71 0.755
106 71 0.763
84 68 0.779
96 68 0.756
107 68 0.764
78 85 0.772
86 85 0.771
108 85 0.780
109 85 0.755
79 78 0.772
108 78 0.756
110 78 0.784
99 77 0.777
103 77 0.934
111 77 0.754
101 79 0.789
110 79 0.757
88 87 0.755
92 87 0.756
112 87 0.789
113 87 0.784
89 83 0.772
104 83 0.771
114 83 0.757
90 88 0.756
112 88 0.788
115 88 0.788
95 72 0.764
106 72 0.755
98 74 0.777
91 74 0.771
116 74 0.756
98 86 0.768
109 86 0.777
117 86 0.756
91 76 0.778
100 76 0.772
118 76 0.756
101 92 0.758
113 92 0.798
119 92 0.766
93 89 0.769
114 89 0.764
120 89 0.757
115 90 0.800
121 90 0.758
122 90 0.776
107 84 0.757
123 84 0.765
113 112 0.755
115 112 0.755
124 112 0.781
125 112 0.797
97 94 0.771
95 94 0.770
126 94 0.766
127 94 0.755
100 99 0.784
111 99 0.780
128 99 0.759
110 101 0.775
119 101 0.782
129 101 0.756
130 101 0.785
103 102 0.874
104 102 0.805
131 102 0.766
132 102 0.777
119 113 0.764
124 113 0.780
133 113 0.758
134 113 0.812
125 115 0.801
122 115 0.758
135 115 0.802
105 93 0.766
120 93 0.761
136 93 0.755
122 121 0.800
123 121 0.760
97 96 0.767
107 96 0.776
137 96 0.756
126 97 0.755
137 97 0.770
117 98 0.777
116 98 0.767
138 98 0.756
118 91 0.773
116 91 0.780
139 91 0.756
118 100 0.781
128 100 0.764
140 100 0.758
110 108 0.774
109 108 0.774
141 108 0.755
142 108 0.786
129 110 0.787
142 110 0.756
111 103 0.911
131 103 0.817
143 103 0.887
133 119 0.786
130 119 0.755
114 104 0.782
132 104 0.762
144 104 0.764
106 95 0.769
127 95 0.766
145 95 0.755
117 109 0.771
141 109 0.778
146 109 0.755
125 124 0.757
134 124 0.759
147 124 0.768
148 124 0.770
120 114 0.773
144 114 0.759
149 114 0.760
135 125 0.754
147 125 0.757
150 125 0.896
135 122 0.830
151 122 0.766
152 122 0.763
106 105 0.769
136 105 0.763
153 105 0.763
154 105 0.755
145 106 0.765
153 106 0.755
123 107 0.777
137 107 0.767
155 107 0.774
156 107 0.756
138 117 0.766
146 117 0.775
157 117 0.756
140 118 0.768
139 118 0.781
158 118 0.756
128 111 0.805
143 111 0.753
159 111 0.789
136 120 0.766
149 120 0.758
160 120 0.759
151 123 0.784
155 123 0.755
138 116 0.780
139 116 0.768
161 116 0.757
134 133 0.781
130 133 0.779
162 133 0.756
163 133 0.793
148 134 0.754
163 134 0.756
164 134 0.930
150 135 0.905
152 135 0.786
165 135 0.750
160 136 0.756
154 136 0.761
137 126 0.773
127 126 0.771
166 126 0.765
167 126 0.755
156 137 0.776
166 137 0.757
168 137 0.762
140 128 0.780
159 128 0.757
169 128 0.771
130 129 0.777
142 129 0.773
170 129 0.756
171 129 0.782
171 130 0.755
162 130 0.783
132 131 0.810
143 131 0.784
172 131 0.820
150 147 0.774
148 147 0.755
173 147 0.755
152 151 0.799
155 151 0.777
174 151 0.766
175 151 0.756
145 127 0.770
176 127 0.755
167 127 0.768
157 138 0.775
161 138 0.764
177 138 0.759
142 141 0.782
146 141 0.774
178 141 0.774
179 141 0.755
158 140 0.777
169 140 0.755
170 142 0.786
178 142 0.756
180 142 0.767
144 132 0.788
172 132 0.755
181 132 0.783
149 144 0.776
181 144 0.755
182 144 0.769
165 150 0.834
173 150 0.701
183 150 0.740
161 139 0.783
158 139 0.771
184 139 0.758
157 146 0.770
179 146 0.777
185 146 0.755
164 148 0.751
173 148 0.755
186 148 0.756
165 152 0.791
174 152 0.765
187 152 0.756
156 155 0.771
175 155 0.774
188 155 0.755
153 145 0.768
176 145 0.766
189 145 0.755
168 156 0.757
188 156 0.766
159 143 0.784
172 143 0.761
190 143 0.800
191 143 0.793
160 149 0.770
182 149 0.756
192 149 0.764
154 153 0.767
189 153 0.765
193 153 0.755
168 166 0.772
167 166 0.764
194 166 0.756
177 157 0.759
185 157 0.769
171 170 0.774
180 170 0.756
195 170 0.773
169 159 0.781
190 159 0.755
196 159 0.779
162 171 0.777
195 171 0.754
197 171 0.783
163 162 0.783
198 162 0.777
197 162 0.755
164 163 0.891
198 163 0.756
199 163 0.757
186 164 0.704
199 164 0.725
154 160 0.766
192 160 0.755
200 160 0.763
183 165 0.756
187 165 0.775
201 165 0.755
193 154 0.764
200 154 0.755
177 161 0.785
184 161 0.767
202 161 0.760
169 158 0.781
184 158 0.787
203 158 0.756
204 158 0.763
196 169 0.755
203 169 0.774
181 172 0.775
191 172 0.770
205 172 0.791
175 174 0.774
187 174 0.775
206 174 0.755
188 175 0.776
206 175 0.775
207 175 0.755
179 178 0.771
180 178 0.784
208 178 0.760
182 181 0.772
205 181 0.757
209 181 0.777
183 173 0.756
186 173 0.756
210 173 0.756
211 173 0.755
201 183 0.760
210 183 0.755
188 168 0.780
194 168 0.767
212 168 0.755
213 168 0.769
167 176 0.774
189 176 0.770
214 176 0.765
215 176 0.755
194 167 0.771
214 167 0.756
216 167 0.762
185 179 0.776
217 179 0.755
208 179 0.785
196 190 0.772
191 190 0.754
218 190 0.777
192 182 0.770
209 182 0.755
219 182 0.769
193 189 0.768
215 189 0.765
220 189 0.755
207 188 0.775
213 188 0.756
185 177 0.784
202 177 0.761
221 177 0.765
217 185 0.783
221 185 0.761
222 185 0.758
204 184 0.764
202 184 0.789
223 184 0.757
195 180 0.790
208 180 0.762
224 180 0.771
199 186 0.754
211 186 0.755
225 186 0.754
200 192 0.768
219 192 0.755
226 192 0.766
206 187 0.769
201 187 0.771
227 187 0.755
200 193 0.767
220 193 0.765
228 193 0.755
216 194 0.756
212 194 0.764
203 196 0.776
218 196 0.755
229 196 0.777
197 195 0.783
224 195 0.757
230 195 0.792
199 198 0.756
197 198 0.766
231 198 0.771
232 198 0.758
205 191 0.759
218 191 0.771
233 191 0.783
225 199 0.756
231 199 0.755
226 200 0.755
228 200 0.765
207 206 0.775
227 206 0.778
234 206 0.756
204 203 0.774
229 203 0.755
235 203 0.774
230 197 0.751
232 197 0.799
209 205 0.764
233 205 0.763
236 205 0.779
210 201 0.759
227 201 0.765
237 201 0.756
238 201 0.760
208 217 0.784
222 217 0.768
239 217 0.773
240 217 0.755
223 204 0.776
235 204 0.755
224 208 0.803
239 208 0.756
241 208 0.772
219 209 0.766
236 209 0.757
242 209 0.772
211 210 0.756
238 210 0.755
243 210 0.756
213 207 0.783
234 207 0.786
244 207 0.760
245 207 0.759
215 214 0.770
216 214 0.772
246 214 0.763
247 214 0.755
221 202 0.788
223 202 0.774
248 202 0.775
249 202 0.755
229 218 0.772
233 218 0.756
250 218 0.779
225 211 0.756
251 211 0.755
243 211 0.756
226 219 0.767
242 219 0.755
252 219 0.768
234 227 0.767
237 227 0.775
253 227 0.760
220 215 0.768
247 215 0.764
254 215 0.755
212 216 0.772
246 216 0.756
255 216 0.763
213 212 0.777
255 212 0.756
256 212 0.766
244 213 0.766
256 213 0.756
222 221 0.777
248 221 0.756
257 221 0.767
240 222 0.771
257 222 0.756
230 224 0.818
241 224 0.760
258 224 0.769
231 225 0.754
251 225 0.755
259 225 0.757
228 226 0.767
252 226 0.755
260 226 0.766
228 220 0.767
254 220 0.765
261 220 0.755
235 223 0.769
249 223 0.778
262 223 0.755
235 229 0.773
250 229 0.755
263 229 0.779
232 231 0.746
259 231 0.755
264 231 0.780
236 233 0.758
250 233 0.766
265 233 0.779
260 228 0.755
261 228 0.765
253 234 0.787
245 234 0.768
266 234 0.757
240 239 0.772
241 239 0.792
267 239 0.755
262 235 0.780
263 235 0.756
232 230 0.772
258 230 0.773
268 230 0.755
269 230 0.871
269 232 0.752
264 232 0.789
242 236 0.761
265 236 0.764
270 236 0.769
238 237 0.757
253 237 0.760
271 237 0.789
245 244 0.776
256 244 0.771
272 244 0.756
257 240 0.775
267 240 0.776
273 240 0.755
263 250 0.773
265 250 0.757
274 250 0.771
252 242 0.764
270 242 0.756
275 242 0.768
243 238 0.755
271 238 0.725
276 238 0.756
255 246 0.770
247 246 0.769
277 246 0.761
278 246 0.755
256 255 0.778
277 255 0.757
279 255 0.759
257 248 0.779
249 248 0.777
280 248 0.771
281 248 0.755
273 257 0.773
280 257 0.755
258 241 0.799
267 241 0.779
282 241 0.788
283 241 0.755
268 258 0.797
282 258 0.755
271 253 0.846
266 253 0.772
284 253 0.758
254 247 0.768
278 247 0.764
285 247 0.755
262 249 0.771
281 249 0.774
286 249 0.755
243 251 0.755
259 251 0.758
287 251 0.755
288 251 0.756
276 243 0.755
288 243 0.755
260 252 0.765
275 252 0.755
289 252 0.767
261 254 0.767
290 254 0.755
285 254 0.765
266 245 0.782
272 245 0.767
291 245 0.756
272 256 0.777
279 256 0.761
292 256 0.757
273 267 0.778
283 267 0.783
293 267 0.755
263 262 0.767
286 262 0.775
294 262 0.756
274 263 0.755
294 263 0.781
295 263 0.762
270 265 0.755
274 265 0.760
296 265 0.774
297 265 0.765
264 259 0.808
287 259 0.757
298 259 0.755
275 270 0.761
297 270 0.766
261 260 0.766
289 260 0.755
299 260 0.766
299 261 0.755
290 261 0.766
269 268 0.873
282 268 0.795
300 268 0.752
264 269 0.898
300 269 0.853
301 269 0.761
298 264 0.841
301 264 0.773
302 264 0.770
276 271 0.710
284 271 0.910
303 271 0.760
284 266 0.790
291 266 0.771
304 266 0.755
280 273 0.777
293 273 0.776
305 273 0.755
295 274 0.771
296 274 0.759
289 275 0.763
297 275 0.755
306 275 0.767
278 277 0.765
279 277 0.769
307 277 0.756
292 272 0.766
291 272 0.776
308 272 0.756
281 280 0.777
305 280 0.773
309 280 0.755
286 281 0.772
309 281 0.771
310 281 0.755
283 282 0.794
300 282 0.791
311 282 0.755
288 276 0.754
303 276 0.757
312 276 0.756
303 284 0.755
304 284 0.784
313 284 0.760
285 278 0.767
307 278 0.767
314 278 0.755
292 279 0.774
307 279 0.761
315 279 0.758
294 286 0.766
316 286 0.755
310 286 0.770
293 283 0.784
311 283 0.779
317 283 0.755
295 294 0.759
316 294 0.770
318 294 0.759
298 287 0.756
288 287 0.756
319 287 0.756
299 289 0.765
306 289 0.755
320 289 0.767
290 299 0.766
320 299 0.755
321 299 0.766
285 290 0.767
321 290 0.755
322 290 0.766
322 285 0.755
314 285 0.765
305 293 0.779
317 293 0.776
323 293 0.755
311 300 0.802
301 300 0.757
324 300 0.755
296 295 0.757
318 295 0.773
325 295 0.760
297 296 0.756
326 296 0.761
325 296 0.771
302 298 0.755
319 298 0.758
327 298 0.763
306 297 0.762
326 297 0.769
319 288 0.755
312 288 0.757
328 288 0.755
308 292 0.773
315 292 0.761
329 292 0.757
304 291 0.776
308 291 0.767
330 291 0.756
309 305 0.777
323 305 0.774
331 305 0.755
310 309 0.774
331 309 0.772
332 309 0.755
317 311 0.790
324 311 0.772
333 311 0.756
310 316 0.769
318 316 0.758
334 316 0.763
302 301 0.749
324 301 0.791
335 301 0.759
327 302 0.758
335 302 0.772
326 306 0.756
320 306 0.763
336 306 0.768
312 303 0.755
313 303 0.765
337 303 0.760
314 307 0.769
315 307 0.775
338 307 0.756
339 307 0.760
313 304 0.765
330 304 0.769
340 304 0.755
332 310 0.770
334 310 0.755
325 326 0.756
336 326 0.762
341 326 0.769
321 320 0.765
336 320 0.755
342 320 0.767
322 321 0.766
342 321 0.755
343 321 0.767
329 308 0.764
330 308 0.773
344 308 0.756
323 317 0.782
333 317 0.773
345 317 0.756
325 318 0.758
334 318 0.775
346 318 0.759
341 325 0.760
346 325 0.770
327 319 0.755
328 319 0.754
347 319 0.756
328 312 0.757
337 312 0.761
348 312 0.756
314 322 0.766
343 322 0.755
349 322 0.766
337 313 0.756
340 313 0.763
338 314 0.763
349 314 0.755
329 315 0.770
339 315 0.759
350 315 0.760
331 323 0.777
345 323 0.771
351 323 0.756
335 324 0.763
333 324 0.786
352 324 0.755
341 336 0.756
342 336 0.763
353 336 0.767
332 331 0.775
351 331 0.771
354 331 0.755
335 327 0.758
347 327 0.754
355 327 0.764
346 341 0.757
353 341 0.761
356 341 0.765
343 342 0.765
353 342 0.755
357 342 0.767
344 329 0.768
350 329 0.757
340 330 0.772
344 330 0.768
358 330 0.756
334 332 0.775
354 332 0.771
359 332 0.755
346 334 0.762
360 334 0.756
359 334 0.773
352 335 0.773
355 335 0.755
356 346 0.757
360 346 0.770
347 328 0.754
348 328 0.758
361 328 0.713
349 343 0.766
357 343 0.755
362 343 0.768
340 337 0.767
348 337 0.759
363 337 0.759
349 338 0.763
339 338 0.768
364 338 0.757
345 333 0.786
352 333 0.774
365 333 0.760
366 333 0.756
356 353 0.755
357 353 0.764
367 353 0.765
362 349 0.755
364 349 0.770
350 339 0.774
364 339 0.759
368 339 0.757
363 340 0.757
358 340 0.764
351 345 0.778
365 345 0.765
369 345 0.756
354 351 0.774
369 351 0.768
370 351 0.755
360 356 0.761
367 356 0.763
350 344 0.776
358 344 0.778
371 344 0.758
372 344 0.759
359 354 0.772
370 354 0.770
373 354 0.755
355 352 0.764
366 352 0.768
374 352 0.755
359 360 0.767
367 360 0.755
375 360 0.768
355 347 0.761
361 347 0.740
376 347 0.758
367 357 0.755
362 357 0.766
377 357 0.767
363 348 0.771
361 348 0.763
378 348 0.754
368 350 0.763
371 350 0.766
379 350 0.755
375 359 0.755
373 359 0.770
374 355 0.768
376 355 0.757
377 367 0.767
375 367 0.766
364 362 0.768
377 362 0.755
380 362 0.768
368 364 0.769
380 364 0.755
381 364 0.766
358 363 0.774
378 363 0.762
382 363 0.761
381 368 0.755
379 368 0.765
372 358 0.762
382 358 0.758
366 365 0.772
369 365 0.774
383 365 0.756
384 365 0.761
374 366 0.764
384 366 0.756
375 377 0.755
380 377 0.768
385 377 0.768
379 371 0.764
372 371 0.771
386 371 0.756
370 369 0.773
383 369 0.765
387 369 0.755
373 370 0.771
388 370 0.755
387 370 0.769
376 374 0.775
384 374 0.774
389 374 0.756
373 375 0.769
385 375 0.768
376 361 0.835
378 361 0.858
390 361 0.970
381 380 0.768
385 380 0.755
391 380 0.769
379 381 0.766
391 381 0.755
392 381 0.767
386 379 0.770
392 379 0.755
382 372 0.777
386 372 0.763
393 372 0.757
385 373 0.755
388 373 0.769
389 376 0.783
390 376 0.755
388 385 0.770
391 385 0.768
384 383 0.772
387 383 0.766
394 383 0.758
389 384 0.767
394 384 0.760
391 388 0.755
387 388 0.772
395 388 0.771
395 391 0.774
392 391 0.765
382 378 0.784
390 378 0.754
396 378 0.772
396 382 0.757
393 382 0.764
394 387 0.777
395 387 0.755
394 389 0.786
390 389 0.780
397 389 0.758
395 394 0.775
397 394 0.770
398 394 0.756
393 386 0.777
398 386 0.758
392 386 0.766
399 386 0.756
398 395 0.771
392 395 0.756
399 395 0.757
396 390 0.773
397 390 0.799
393 396 0.776
397 396 0.761
397 393 0.759
398 393 0.763
398 397 0.780
399 398 0.764
399 392 0.761
67 121 0.767
121 84 0.767
121 151 0.767
force
1
336 7.286 -0.000 -6.849
constraint
3
253
268
396
